[gd_scene load_steps=17 format=2]

[ext_resource path="res://data/plant_models/road_construction_site/RoadConstructionSite.cs" type="Script" id=1]
[ext_resource path="res://data/core/environment/default.tres" type="Environment" id=2]
[ext_resource path="res://data/plant_models/road_construction_site/spatial_elements/meshes/import/Street.mesh" type="ArrayMesh" id=3]
[ext_resource path="res://data/plant_models/road_construction_site/spatial_elements/meshes/barrier_fence.tscn" type="PackedScene" id=4]
[ext_resource path="res://data/plant_models/road_construction_site/spatial_elements/meshes/barrier_pole.tscn" type="PackedScene" id=5]
[ext_resource path="res://data/plant_models/road_construction_site/spatial_elements/meshes/barrier_cone.tscn" type="PackedScene" id=6]
[ext_resource path="res://data/plant_models/road_construction_site/spatial_elements/meshes/highcar_black.tscn" type="PackedScene" id=7]
[ext_resource path="res://data/plant_models/road_construction_site/spatial_elements/traffic_control_system.tscn" type="PackedScene" id=8]
[ext_resource path="res://data/plant_models/road_construction_site/spatial_elements/PathController.cs" type="Script" id=9]
[ext_resource path="res://data/plant_models/road_construction_site/spatial_elements/meshes/tree_cone_3.tscn" type="PackedScene" id=10]
[ext_resource path="res://data/plant_models/road_construction_site/spatial_elements/meshes/tree_cone_4.tscn" type="PackedScene" id=11]
[ext_resource path="res://data/plant_models/road_construction_site/UI.cs" type="Script" id=12]
[ext_resource path="res://data/core/theme/font/roboto_regular_font.tres" type="DynamicFont" id=13]
[ext_resource path="res://data/plant_models/road_construction_site/spatial_elements/meshes/import/lookup_material.material" type="Material" id=14]

[sub_resource type="Curve3D" id=1]
_data = {
"points": PoolVector3Array( 0, 0, 0, 0, 0, 0, 47.0044, 0, -1.56622, 0, 0, 0, 0, 0, 0, 26.2351, 0, -1.51356, 0, 0, 0, 0, 0, 0, 25.4453, 0, -1.43783, 0, 0, 0, 0, 0, 0, 24.0064, 0, -1.01589, 0, 0, 0, 0, 0, 0, 22.9786, 0, -0.886058, 0, 0, 0, 0, 0, 0, 21.9399, 0, -0.994248, 0, 0, 0, 0, 0, 0, 19.0321, 0, -1.49434, 0, 0, 0, 0, 0, 0, 18.4935, 0, -1.55631, 0, 0, 0, 0, 0, 0, -9.01929, 0, -1.52933, 0, 0, 0, 0, 0, 0, -19.0085, 0, -1.54411, 0, 0, 0, 0, 0, 0, -47.7262, 0, -1.46145 ),
"tilts": PoolRealArray( 0, 0, 0, 0, 0, 0, 0, 0, 0, 0, 0 )
}

[sub_resource type="Curve3D" id=2]
_data = {
"points": PoolVector3Array( 0, 0, 0, 0, 0, 0, -47.7551, 0, 1.55589, 0, 0, 0, 0, 0, 0, -22.7656, 0, 1.56549, 0, 0, 0, 0, 0, 0, -21.6543, 0, 1.44958, 0, 0, 0, 0, 0, 0, -20.3112, 0, 1.02006, 0, 0, 0, 0, 0, 0, -16.2229, 0, -1.06689, 0, 0, 0, 0, 0, 0, -14.7519, 0, -1.4347, 0, 0, 0, 0, 0, 0, -13.0317, 0, -1.52125, 0, 0, 0, 0, 0, 0, -0.0414238, 0, -1.57657, 0, 0, 0, 0, 0, 0, 14.9887, 0, -1.54297, 0, 0, 0, 0, 0, 0, 16.9968, 0, -1.28929, 0, 0, 0, 0, 0, 0, 21.9952, 0, 1.35055, 0, 0, 0, 0, 0, 0, 24.0103, 0, 1.60576, 0, 0, 0, 0, 0, 0, 27.0209, 0, 1.60383, 0, 0, 0, 0, 0, 0, 47.839, 0, 1.51691 ),
"tilts": PoolRealArray( 0, 0, 0, 0, 0, 0, 0, 0, 0, 0, 0, 0, 0, 0 )
}

[node name="RoadConstructionSite" type="Node"]
script = ExtResource( 1 )

[node name="Enviroment" type="Node" parent="."]

[node name="Camera" type="Camera" parent="Enviroment"]
transform = Transform( 1, 0, 0, 0, 0.104528, 0.994522, 0, -0.994522, 0.104528, 0, 50, 7 )
keep_aspect = 0
environment = ExtResource( 2 )
fov = 80.0
far = 80.0

[node name="DirectionalLight" type="DirectionalLight" parent="Enviroment"]
transform = Transform( 0.642788, -0.586824, 0.492404, 0, 0.642788, 0.766044, -0.766044, -0.492404, 0.413176, 0, 10, 0 )
shadow_enabled = true
shadow_bias = 0.2
directional_shadow_mode = 0
directional_shadow_max_distance = 80.0

[node name="StaticStreet" type="MeshInstance" parent="."]
mesh = ExtResource( 3 )
skeleton = NodePath("")
material/0 = ExtResource( 14 )

[node name="Barriers" type="Spatial" parent="StaticStreet"]

[node name="Barrier_Fence" parent="StaticStreet/Barriers" instance=ExtResource( 4 )]
transform = Transform( 0.849447, 0, -0.527674, 0, 1, 0, 0.527674, 0, 0.849447, 15.8634, 4.76837e-07, 2.62818 )

[node name="Barrier_Fence2" parent="StaticStreet/Barriers" instance=ExtResource( 4 )]
transform = Transform( 0.989905, 0, -0.141734, 0, 1, 0, 0.141734, 0, 0.989905, 12.3058, 4.76837e-07, 1.23178 )

[node name="Barrier_Fence3" parent="StaticStreet/Barriers" instance=ExtResource( 4 )]
transform = Transform( 0.99576, 0, 0.0919871, 0, 1, 0, -0.0919871, 0, 0.99576, 5.85154, 4.76837e-07, 1.01334 )

[node name="Barrier_Fence4" parent="StaticStreet/Barriers" instance=ExtResource( 4 )]
transform = Transform( 0.997117, 0, 0.075879, 0, 1, 0, -0.075879, 0, 0.997117, 0.847846, 4.76837e-07, 1.19512 )

[node name="Barrier_Fence5" parent="StaticStreet/Barriers" instance=ExtResource( 4 )]
transform = Transform( 0.998709, 0, -0.0508009, 0, 1, 0, 0.0508009, 0, 0.998709, -3.48794, 4.76837e-07, 0.73095 )

[node name="Barrier_Fence6" parent="StaticStreet/Barriers" instance=ExtResource( 4 )]
transform = Transform( 0.881779, -0.443595, 0.160279, -0.0585627, -0.440156, -0.89601, 0.468013, 0.780696, -0.414098, -7.30186, 0.244275, 1.13651 )

[node name="Barrier_Fence7" parent="StaticStreet/Barriers" instance=ExtResource( 4 )]
transform = Transform( 0.906727, 0, 0.421718, 0, 1, 0, -0.421718, 0, 0.906727, -12.6401, 4.76837e-07, 1.11398 )

[node name="Barrier_Fence8" parent="StaticStreet/Barriers" instance=ExtResource( 4 )]
transform = Transform( 0.685597, 0, 0.727982, 0, 1, 0, -0.727982, 0, 0.685597, -15.6, 4.76837e-07, 2.75547 )

[node name="Barrier_Pole" parent="StaticStreet/Barriers" instance=ExtResource( 5 )]
transform = Transform( -0.0175398, 0, 0.999846, 0, 1, 0, -0.999846, 0, -0.0175398, -10.272, 7.15256e-07, 0.303242 )

[node name="Barrier_Pole2" parent="StaticStreet/Barriers" instance=ExtResource( 5 )]
transform = Transform( -0.0175398, 0, 0.999846, 0, 1, 0, -0.999846, 0, -0.0175398, -5.40685, 4.76837e-07, 0.310906 )

[node name="Barrier_Pole3" parent="StaticStreet/Barriers" instance=ExtResource( 5 )]
transform = Transform( -0.0175398, 0, 0.999846, 0, 1, 0, -0.999846, 0, -0.0175398, -1.29891, 4.76837e-07, 0.405615 )

[node name="Barrier_Pole4" parent="StaticStreet/Barriers" instance=ExtResource( 5 )]
transform = Transform( -0.0175398, 0, 0.999846, 0, 1, 0, -0.999846, 0, -0.0175398, 3.29559, 4.76837e-07, 0.338944 )

[node name="Barrier_Pole5" parent="StaticStreet/Barriers" instance=ExtResource( 5 )]
transform = Transform( -0.0175398, 0, 0.999846, 0, 1, 0, -0.999846, 0, -0.0175398, 8.93578, 4.76837e-07, 0.32518 )

[node name="Barrier_Pole6" parent="StaticStreet/Barriers" instance=ExtResource( 5 )]
transform = Transform( 0.310847, 0, 0.95046, 0, 1, 0, -0.95046, 0, 0.310847, 14.3428, 4.76837e-07, 0.673589 )

[node name="Barrier_Cone" parent="StaticStreet/Barriers" instance=ExtResource( 6 )]
transform = Transform( 0.310847, 0, 0.95046, 0, 1, 0, -0.95046, 0, 0.310847, -20.3228, 2.38419e-07, 3.62541 )

[node name="Barrier_Cone2" parent="StaticStreet/Barriers" instance=ExtResource( 6 )]
transform = Transform( 0.310847, 0, 0.95046, 0, 1, 0, -0.95046, 0, 0.310847, -18.0803, 2.38419e-07, 2.81972 )

[node name="Barrier_Cone3" parent="StaticStreet/Barriers" instance=ExtResource( 6 )]
transform = Transform( 0.310847, 0, 0.95046, 0, 1, 0, -0.95046, 0, 0.310847, -17.1267, -2.38419e-07, 2.15677 )

[node name="Barrier_Cone4" parent="StaticStreet/Barriers" instance=ExtResource( 6 )]
transform = Transform( 0.310847, 0, 0.95046, 0, 1, 0, -0.95046, 0, 0.310847, -15.7656, -2.38419e-07, 1.50301 )

[node name="Barrier_Cone5" parent="StaticStreet/Barriers" instance=ExtResource( 6 )]
transform = Transform( 0.310847, 0, 0.95046, 0, 1, 0, -0.95046, 0, 0.310847, 16.3643, 7.15256e-07, 1.41173 )

[node name="Barrier_Cone6" parent="StaticStreet/Barriers" instance=ExtResource( 6 )]
transform = Transform( 0.310847, 0, 0.95046, 0, 1, 0, -0.95046, 0, 0.310847, 17.6452, 7.15256e-07, 2.32825 )

[node name="Barrier_Cone7" parent="StaticStreet/Barriers" instance=ExtResource( 6 )]
transform = Transform( 0.310847, 0, 0.95046, 0, 1, 0, -0.95046, 0, 0.310847, 19.1568, 7.15256e-07, 3.13109 )

[node name="Barrier_Cone8" parent="StaticStreet/Barriers" instance=ExtResource( 6 )]
transform = Transform( 0.310847, 0, 0.95046, 0, 1, 0, -0.95046, 0, 0.310847, 20.5747, 7.15256e-07, 3.78051 )

[node name="HighCar_Black" parent="StaticStreet" instance=ExtResource( 7 )]
transform = Transform( 1, 0, 0, 0, 1, 0, 0, 0, 1, 17.0477, -0.1, 16.1287 )

[node name="HighCar_Black2" parent="StaticStreet" instance=ExtResource( 7 )]
transform = Transform( 0.968705, 0, 0.248217, 0, 1, 0, -0.248217, 0, 0.968705, 16.8044, -0.099999, 12.4728 )

[node name="Signalisation" type="Node" parent="."]

[node name="TrafficControlSystemBot" parent="Signalisation" instance=ExtResource( 8 )]

[node name="TrafficControlSystemTop" parent="Signalisation" instance=ExtResource( 8 )]
transform = Transform( 0.205029, 0, 0.978755, 0, 1, 0, -0.978755, 0, 0.205029, 22.8346, 1.90735e-06, -3.29109 )

[node name="Barrier_Cone2" parent="Signalisation/TrafficControlSystemTop" instance=ExtResource( 6 )]
transform = Transform( 1, 0, 0, 0, 1, 0, 0, 0, 1, 0.0306997, 0, -0.995209 )

[node name="Barrier_Cone3" parent="Signalisation/TrafficControlSystemTop" instance=ExtResource( 6 )]
transform = Transform( 1, 0, 0, 0, 1, 0, 0, 0, 1, 0.627586, 0, 1.05184 )

[node name="DynamicCars" type="Node" parent="."]

[node name="TopPath" type="Path" parent="DynamicCars"]
curve = SubResource( 1 )
script = ExtResource( 9 )

[node name="BotPath" type="Path" parent="DynamicCars"]
curve = SubResource( 2 )
script = ExtResource( 9 )
TrafficControlSystemDistance = 24.0

[node name="Fillers" type="Node" parent="."]

[node name="Cones" type="Node" parent="Fillers"]

[node name="ConePatch13" type="Spatial" parent="Fillers/Cones"]
transform = Transform( 0.385609, 0, -1.24149, 0, 1.3, 0, 1.24149, 0, 0.385609, 0.414297, -3.8147e-06, 15.4126 )

[node name="Tree_Cone3" parent="Fillers/Cones/ConePatch13" instance=ExtResource( 10 )]
transform = Transform( 0.488413, -0.130828, -0.86275, 0.504072, 0.849352, 0.156565, 0.712295, -0.511357, 0.480782, 7.52836, -0.42813, -5.03165 )

[node name="Tree_Cone6" parent="Fillers/Cones/ConePatch13" instance=ExtResource( 10 )]
transform = Transform( 0.0584509, -0.89975, -0.432473, -0.390347, 0.378124, -0.839435, 0.918811, 0.21788, -0.329113, 7.4078, -0.2, 8.47123 )

[node name="Tree_Cone8" parent="Fillers/Cones/ConePatch13" instance=ExtResource( 10 )]
transform = Transform( -0.376685, -0.851411, 0.277288, 0.52567, -0.163685, 0.882995, -0.470936, 0.498304, 0.763828, -8.20113, 0.16952, 4.42387 )

[node name="Tree_Cone4" parent="Fillers/Cones/ConePatch13" instance=ExtResource( 11 )]
transform = Transform( -0.297416, -0.777954, 0.553473, 0.943859, -0.152272, 0.293163, -0.143789, 0.609591, 0.779566, -6.94765, 0.0145387, -2.93068 )

[node name="Tree_Cone9" parent="Fillers/Cones/ConePatch13" instance=ExtResource( 11 )]
transform = Transform( 0.312872, 1.01495, 0.28633, -0.321236, -0.192747, 1.03424, 1.00445, -0.377786, 0.241576, -7.95779, -0.2, -7.33559 )

[node name="Tree_Cone5" parent="Fillers/Cones/ConePatch13" instance=ExtResource( 11 )]
transform = Transform( -0.285479, 1.14403, 0.222915, -0.504696, 0.0855386, -1.08534, -1.05061, -0.351955, 0.460808, -20.1739, 0.151487, -4.8363 )

[node name="Tree_Cone7" parent="Fillers/Cones/ConePatch13" instance=ExtResource( 11 )]
transform = Transform( 0.166072, -1.11424, 0.33203, -0.744862, 0.123038, 0.659294, -0.646221, -0.428168, -0.674602, 14.0918, -0.972949, 2.26134 )

[node name="ConePatch8" type="Spatial" parent="Fillers/Cones"]
transform = Transform( -0.390427, 0, 1.23999, 0, 1.3, 0, -1.23999, 0, -0.390427, 17.4029, -3.8147e-06, -18.1518 )

[node name="Tree_Cone3" parent="Fillers/Cones/ConePatch8" instance=ExtResource( 10 )]
transform = Transform( 1, 0, 0, 0, 1, 0, 0, 0, 1, 14.8442, -0.2, -14.2937 )

[node name="Tree_Cone6" parent="Fillers/Cones/ConePatch8" instance=ExtResource( 10 )]
transform = Transform( -0.67164, 0, -0.740877, 0, 1, 0, 0.740877, 0, -0.67164, 12.382, -0.2, 1.27697 )

[node name="Tree_Cone8" parent="Fillers/Cones/ConePatch8" instance=ExtResource( 10 )]
transform = Transform( -0.411799, 0, 1.02881, 0, 1, 0, -0.685873, 0, -0.617698, 0.0742264, -0.2, 7.15052 )

[node name="Tree_Cone4" parent="Fillers/Cones/ConePatch8" instance=ExtResource( 11 )]
transform = Transform( 1, 0, 0, 0, 1, 0, 0, 0, 1, 4.02687, -0.2, -0.283669 )

[node name="Tree_Cone9" parent="Fillers/Cones/ConePatch8" instance=ExtResource( 11 )]
transform = Transform( 1.1, 0, 0, 0, 1.1, 0, 0, 0, 1.1, -3.72986, -0.2, -3.62481 )

[node name="Tree_Cone5" parent="Fillers/Cones/ConePatch8" instance=ExtResource( 11 )]
transform = Transform( -0.805968, 0, -0.889053, 0, 1.2, 0, 0.889053, 0, -0.805968, 5.75166, -0.2, -10.7361 )

[node name="Tree_Cone7" parent="Fillers/Cones/ConePatch8" instance=ExtResource( 11 )]
transform = Transform( -0.514748, 0, 0.857341, 0, 1.2, 0, -0.857341, 0, -0.514748, 2.30324, -0.2, 14.6345 )

[node name="ConePatch3" type="Spatial" parent="Fillers/Cones"]
transform = Transform( -1.1725, 0, -0.255422, 0, 1.2, 0, 0.255422, 0, -1.1725, -39.5045, -3.8147e-06, 15.0185 )

[node name="Tree_Cone3" parent="Fillers/Cones/ConePatch3" instance=ExtResource( 10 )]
transform = Transform( 1, 0, 1.49012e-08, 0, 1, 0, -1.49012e-08, 0, 1, 0.5718, -0.2, -11.2795 )

[node name="Tree_Cone6" parent="Fillers/Cones/ConePatch3" instance=ExtResource( 10 )]
transform = Transform( -0.67164, 0, -0.740877, 0, 1, 0, 0.740877, 0, -0.67164, 3.31433, -0.2, -1.7464 )

[node name="Tree_Cone8" parent="Fillers/Cones/ConePatch3" instance=ExtResource( 10 )]
transform = Transform( -0.411799, 0, 1.02881, 0, 1, 0, -0.685873, 0, -0.617698, -14.38, -0.2, 0.767354 )

[node name="Tree_Cone4" parent="Fillers/Cones/ConePatch3" instance=ExtResource( 11 )]
transform = Transform( 1, 0, -4.47035e-08, 0, 1, 0, 4.47035e-08, 0, 1, -9.1829, -0.2, -6.79977 )

[node name="Tree_Cone9" parent="Fillers/Cones/ConePatch3" instance=ExtResource( 11 )]
transform = Transform( 1.1, 0, -2.98023e-08, 0, 1.1, 0, 2.98023e-08, 0, 1.1, -14.7113, -0.2, -15.1071 )

[node name="Tree_Cone5" parent="Fillers/Cones/ConePatch3" instance=ExtResource( 11 )]
transform = Transform( -0.805968, 0, -0.889053, 0, 1.2, 0, 0.889053, 0, -0.805968, -3.08038, -0.2, -6.06661 )

[node name="Tree_Cone7" parent="Fillers/Cones/ConePatch3" instance=ExtResource( 11 )]
transform = Transform( -0.514748, 0, 0.857341, 0, 1.2, 0, -0.857341, 0, -0.514748, -5.24931, -0.2, 2.70158 )

[node name="UI" type="Control" parent="."]
margin_right = 40.0
margin_bottom = 40.0
script = ExtResource( 12 )

[node name="LambdaOption" type="HSlider" parent="UI"]
margin_left = 2.0
margin_top = 30.0
margin_right = 130.0
hint_tooltip = "The scale of the waiting time
for incoming cars. Higher values
means less cars on the street."
min_value = 0.01
max_value = 0.08
step = 0.01
value = 0.05
ticks_on_borders = true

[node name="LambdsText" type="Label" parent="UI"]
margin_left = 2.0
margin_right = 179.0
margin_bottom = 38.0
rect_scale = Vector2( 0.7, 0.7 )
custom_fonts/font = ExtResource( 13 )
custom_colors/font_color = Color( 0, 0, 0, 1 )
text = "Spawn delay"
__meta__ = {
"_edit_use_anchors_": false
}
